# unix_time, cycles_done, cur_path, paths_total, pending_total, pending_favs, map_size, unique_crashes, unique_hangs, max_depth, execs_per_sec
1508577991, 0, 0, 1, 1, 1, 17.62%, 0, 0, 1, 3.33
1508578001, 0, 0, 2, 2, 1, 18.28%, 0, 0, 2, 4.08
1508578006, 0, 0, 3, 3, 1, 18.28%, 0, 0, 2, 3.92
1508578011, 0, 0, 4, 4, 1, 18.28%, 0, 0, 2, 3.82
1508578016, 0, 0, 5, 5, 1, 18.29%, 0, 0, 2, 3.79
1508578026, 0, 0, 6, 6, 1, 18.29%, 0, 0, 2, 3.89
1508578031, 0, 0, 7, 7, 1, 18.29%, 0, 0, 2, 4.05
1508578042, 0, 0, 9, 9, 1, 18.64%, 0, 0, 2, 4.11
1508578047, 0, 0, 12, 12, 1, 18.66%, 0, 0, 2, 4.16
1508578052, 0, 0, 13, 13, 1, 18.66%, 0, 0, 2, 4.16
1508578057, 0, 0, 15, 15, 1, 18.66%, 0, 0, 2, 4.15
1508578062, 0, 0, 17, 17, 1, 18.66%, 0, 0, 2, 4.18
1508578067, 0, 0, 19, 19, 1, 18.75%, 0, 0, 2, 4.16
1508578072, 0, 0, 20, 20, 1, 18.75%, 0, 0, 2, 4.17
1508578077, 0, 0, 21, 21, 1, 18.77%, 0, 0, 2, 4.17
1508578082, 0, 0, 22, 22, 1, 18.78%, 0, 0, 2, 4.18
1508578093, 0, 0, 24, 24, 1, 18.79%, 0, 0, 2, 3.94
1508578098, 0, 0, 25, 25, 1, 18.80%, 0, 0, 2, 4.16
1508578103, 0, 0, 27, 27, 1, 18.82%, 0, 0, 2, 4.10
1508578109, 0, 0, 29, 29, 1, 18.82%, 0, 0, 2, 4.07
1508578114, 0, 0, 31, 31, 1, 18.83%, 0, 0, 2, 4.16
1508578185, 0, 0, 32, 32, 1, 18.84%, 0, 0, 2, 4.09
1508578216, 0, 0, 33, 33, 1, 18.84%, 0, 0, 2, 4.20
1508578221, 0, 0, 34, 34, 1, 18.84%, 0, 0, 2, 4.15
1508578242, 0, 0, 36, 36, 1, 18.85%, 0, 0, 2, 4.19
1508578247, 0, 0, 37, 37, 1, 18.85%, 0, 0, 2, 4.07
1508578252, 0, 0, 39, 39, 1, 18.85%, 0, 0, 2, 4.20
1508578257, 0, 0, 40, 40, 1, 18.85%, 0, 0, 2, 4.21
1508578268, 0, 0, 41, 41, 1, 18.85%, 0, 0, 2, 4.21
