# unix_time, cycles_done, cur_path, paths_total, pending_total, pending_favs, map_size, unique_crashes, unique_hangs, max_depth, execs_per_sec
1508573596, 0, 0, 2, 2, 1, 0.87%, 0, 0, 1, 307.69
1508573601, 3, 0, 2, 0, 0, 0.87%, 0, 0, 1, 1120.69
1508573606, 7, 0, 2, 0, 0, 0.87%, 0, 0, 1, 1282.58
1508573611, 11, 1, 2, 0, 0, 0.87%, 0, 0, 1, 1325.60
1508573616, 15, 1, 2, 0, 0, 0.87%, 0, 0, 1, 1325.38
1508573621, 19, 1, 2, 0, 0, 0.87%, 0, 0, 1, 1317.88
1508573626, 23, 1, 2, 0, 0, 0.87%, 0, 0, 1, 1322.91
1508573632, 27, 1, 2, 0, 0, 0.87%, 0, 0, 1, 1309.93
1508573637, 31, 1, 2, 0, 0, 0.87%, 0, 0, 1, 1326.11
